300
0 0
9999 0
9999 9999
0 9999
441 5527
581 6301
7325 4132
6168 4381
3843 6509
3565 375
9844 6008
2924 3961
3501 1111
9672 5020
7169 4623
14 9604
3238 4985
8270 8720
2487 7991
8503 6247
3792 7931
6337 4339
5113 6172
2340 878
302 4483
6748 6910
2675 5155
4187 8829
3850 7322
9630 791
4569 9812
4633 6788
1517 4399
863 671
6648 3145
615 8701
7079 1226
3405 1751
3107 2131
9256 8065
9311 5384
2903 8091
8559 1717
8043 3030
5860 9765
7815 8775
6235 4790
556 3995
3706 3569
9085 497
9437 8652
7657 5597
5167 5738
1818 2788
9304 7053
8546 7530
5082 8654
8628 8490
7818 1169
4197 425
1477 6860
344 481
8197 8184
9759 6762
5089 8662
7061 8573
9988 4282
3473 7041
7527 3381
6887 8426
5766 7199
2712 833
1969 4790
8573 5191
5186 2467
366 2307
4915 611
2601 6294
4056 776
1520 3962
80 5544
3753 3780
2877 5745
3645 7807
3584 2031
3615 7816
1798 6768
5266 1772
5257 1073
1780 5628
5800 6319
4451 1585
4365 6094
6003 8574
9454 5889
4435 1758
1813 908
2516 8340
3305 9335
911 464
8380 9414
6551 8659
9176 8758
8506 2444
8344 6472
417 2868
414 4664
7124 520
1582 2633
5282 8399
4790 161
6381 993
7479 5711
9648 1288
427 5872
1081 141
866 9403
9492 816
2546 1602
6800 2734
2706 6380
3489 6311
6218 8998
2384 3719
2546 6686
7260 888
3676 1379
9058 6484
3167 8329
5509 1239
8883 2488
9468 3500
1548 4065
1993 6852
4411 4909
1697 2106
1310 7471
1223 1046
9842 1092
5476 5998
661 599
6237 3462
4943 2835
7207 8127
325 9491
1937 8770
2568 6094
7313 2924
8175 697
534 6928
1325 5195
8119 8597
143 3734
3510 648
7959 2187
6216 1966
582 4357
6767 1258
5286 8199
8982 5728
6242 3575
7 8104
6309 6955
4843 286
3310 1280
4174 3611
4043 3716
7715 1682
4021 211
321 507
6169 9162
1801 2341
6418 1640
3210 665
7192 1243
3760 8312
9918 4461
8268 124
5251 154
9272 9397
2895 9438
2967 9996
3789 7935
9386 3257
4515 5396
2091 9164
6368 4250
1952 7359
704 6433
920 9279
8709 926
8881 2964
3506 9528
2891 736
1323 9961
5181 1148
3974 2121
4783 1294
7279 9931
3813 5439
4614 1512
1604 1248
9256 6685
8178 2606
6783 9573
6718 5180
4085 9172
3295 2976
3347 8795
1468 3819
6853 2124
6301 4930
4282 4976
6651 8907
6076 5496
7414 7119
6158 9042
232 1557
1571 3079
7208 4938
1250 7699
7975 9928
7065 4945
7126 3761
2568 2994
7176 3192
2766 2305
2359 1464
2362 6201
6683 120
263 827
1409 9660
8272 2807
826 8949
9331 8567
3940 5985
6428 5325
1514 5081
2618 818
8735 8150
1351 1426
683 3124
6015 4534
8984 3201
9168 6400
1607 4529
5749 9720
2211 8338
1841 9836
499 6312
6205 500
7238 9988
6845 8711
6432 6978
827 8846
5301 3921
9230 1245
5466 1069
9877 3472
1441 295
4185 3158
5794 2577
9445 9275
1232 76
2505 2277
819 30
5506 5422
7797 3423
8023 6688
8689 3365
4535 9073
8162 440
3413 869
5810 5857
7610 9765
3801 3201
1280 4077
175 9803
320 2054
8252 606
170 3202
732 7702
7222 1854
5842 9604
6620 9980
862 2586
6788 2386
7463 7188
8420 3308
8100 9980
810 7498
5526 5633
7136 5219
8922 3952
9403 7084
7289 4404
5322 5947
4666 1973
7165 1586
9199 2463
893
0 1
1 2
2 0
2 3
3 0
4 0
4 2
4 3
5 4
5 2
5 3
6 0
6 1
6 2
7 6
7 2
7 0
8 4
8 0
8 2
9 6
9 0
9 1
10 6
10 1
10 2
11 8
11 0
11 2
12 9
12 6
12 0
13 10
13 6
13 1
14 7
14 6
14 2
15 4
15 3
15 0
16 11
16 8
16 0
17 11
17 2
17 8
18 5
18 2
18 3
19 10
19 2
19 6
20 18
20 5
20 2
21 7
21 0
21 6
22 17
22 8
22 11
23 12
23 6
23 0
24 15
24 0
24 4
25 11
25 0
25 2
26 8
26 4
26 0
27 18
27 2
27 3
28 5
28 4
28 2
29 13
29 6
29 1
30 27
30 2
30 3
31 22
31 17
31 8
32 26
32 4
32 0
33 7
33 2
33 0
34 9
34 1
34 6
35 18
35 3
35 5
36 34
36 9
36 1
37 23
37 6
37 0
38 21
38 7
38 0
39 19
39 10
39 2
40 13
40 10
40 6
41 20
41 2
41 18
42 34
42 1
42 6
43 29
43 6
43 1
44 30
44 27
44 2
45 8
45 2
45 4
46 33
46 7
46 2
47 32
47 4
47 0
48 46
48 2
48 33
49 36
49 1
49 34
50 19
50 2
50 6
51 14
51 2
51 7
52 25
52 2
52 11
53 16
53 0
53 11
54 39
54 19
54 10
55 51
55 2
55 7
56 41
56 20
56 2
57 48
57 46
57 2
58 49
58 34
58 36
59 36
59 9
59 1
60 20
60 18
60 5
61 53
61 0
61 11
62 33
62 2
62 0
63 39
63 10
63 2
64 56
64 2
64 41
65 45
65 2
65 4
66 10
66 1
66 2
67 28
67 4
67 2
68 42
68 6
68 34
69 65
69 4
69 45
70 31
70 22
70 17
71 12
71 0
71 9
72 32
72 26
72 4
73 19
73 6
73 10
74 23
74 12
74 6
75 47
75 0
75 32
76 59
76 1
76 36
77 45
77 4
77 8
78 36
78 34
78 9
79 32
79 0
79 26
80 24
80 15
80 0
81 25
81 0
81 2
82 26
82 8
82 4
83 20
83 5
83 2
84 21
84 0
84 6
85 83
85 20
85 5
86 28
86 2
86 5
87 78
87 36
87 34
88 87
88 78
88 36
89 82
89 4
89 26
90 52
90 2
90 11
91 12
91 9
91 6
92 22
92 8
92 11
93 83
93 5
93 2
94 73
94 10
94 19
95 91
95 6
95 12
96 37
96 0
96 23
97 27
97 3
97 18
98 30
98 3
98 27
99 96
99 37
99 0
100 93
100 5
100 2
101 100
101 5
101 2
102 55
102 2
102 7
103 29
103 13
103 6
104 14
104 6
104 2
105 75
105 47
105 0
106 47
106 4
106 0
107 76
107 1
107 36
108 16
108 8
108 0
109 83
109 2
109 20
110 9
110 0
110 1
111 107
111 36
111 76
112 55
112 7
112 51
113 29
113 1
113 13
114 5
114 3
114 4
115 71
115 0
115 9
116 97
116 3
116 18
117 43
117 1
117 29
118 84
118 21
118 0
119 58
119 34
119 36
120 77
120 45
120 4
121 82
121 8
121 4
122 27
122 18
122 2
123 108
123 0
123 16
124 28
124 5
124 4
125 107
125 1
125 36
126 74
126 23
126 12
127 54
127 19
127 10
128 97
128 18
128 27
129 88
129 36
129 87
130 103
130 29
130 13
131 130
131 29
131 13
132 79
132 26
132 32
133 86
133 2
133 5
134 25
134 11
134 0
135 134
135 11
135 0
136 35
136 5
136 18
137 62
137 0
137 33
138 113
138 1
138 13
139 52
139 25
139 2
140 137
140 62
140 0
141 37
141 23
141 6
142 84
142 6
142 21
143 70
143 17
143 31
144 35
144 18
144 3
145 97
145 27
145 3
146 121
146 8
146 4
147 68
147 34
147 42
148 125
148 1
148 36
149 35
149 3
149 5
150 72
150 26
150 4
151 22
151 11
151 17
152 80
152 0
152 24
153 71
153 9
153 12
154 147
154 34
154 42
155 87
155 36
155 34
156 47
156 32
156 4
157 129
157 36
157 87
158 100
158 93
158 5
159 94
159 19
159 73
160 142
160 6
160 21
161 15
161 3
161 0
162 17
162 11
162 2
163 110
163 1
163 9
164 126
164 74
164 23
165 48
165 33
165 46
166 165
166 46
166 48
167 58
167 49
167 34
168 110
168 9
168 0
169 123
169 108
169 0
170 122
170 2
170 27
171 135
171 11
171 0
172 155
172 87
172 36
173 153
173 71
173 9
174 119
174 36
174 58
175 56
175 41
175 20
176 66
176 10
176 1
177 59
177 9
177 1
178 163
178 110
178 1
179 162
179 11
179 2
180 98
180 30
180 3
181 30
181 2
181 3
182 175
182 41
182 20
183 131
183 130
183 29
184 151
184 22
184 11
185 145
185 27
185 3
186 160
186 6
186 21
187 60
187 20
187 18
188 136
188 5
188 18
189 116
189 3
189 18
190 49
190 1
190 34
191 130
191 13
191 103
192 180
192 98
192 30
193 115
193 9
193 71
194 181
194 3
194 30
195 88
195 87
195 78
196 37
196 6
196 0
197 195
197 87
197 78
198 181
198 30
198 2
199 92
199 8
199 11
200 91
200 9
200 6
201 165
201 33
201 46
202 127
202 10
202 54
203 42
203 1
203 6
204 44
204 27
204 2
205 102
205 7
205 55
206 98
206 27
206 30
207 165
207 48
207 33
208 145
208 97
208 27
209 79
209 0
209 26
210 155
210 36
210 34
211 57
211 48
211 46
212 134
212 25
212 11
213 56
213 20
213 2
214 211
214 57
214 48
215 214
215 57
215 48
216 170
216 27
216 122
217 105
217 0
217 75
218 209
218 0
218 26
219 51
219 7
219 14
220 136
220 18
220 35
221 44
221 2
221 30
222 219
222 51
222 7
223 68
223 6
223 34
224 135
224 0
224 134
225 147
225 68
225 34
226 201
226 46
226 165
227 118
227 0
227 84
228 77
228 4
228 8
229 178
229 1
229 163
230 75
230 0
230 32
231 98
231 3
231 27
232 103
232 13
232 6
233 144
233 35
233 18
234 104
234 6
234 2
235 199
235 92
235 8
236 214
236 211
236 57
237 150
237 72
237 26
238 71
238 12
238 0
239 46
239 7
239 2
240 134
240 0
240 25
241 75
241 32
241 47
242 46
242 33
242 7
243 191
243 130
243 13
244 127
244 19
244 10
245 72
245 4
245 32
246 44
246 30
246 27
247 116
247 18
247 97
248 180
248 30
248 3
249 114
249 5
249 3
250 107
250 76
250 1
251 198
251 2
251 181
252 86
252 28
252 2
253 179
253 162
253 11
254 233
254 35
254 18
255 242
255 33
255 7
256 117
256 29
256 43
257 88
257 78
257 36
258 13
258 1
258 10
259 115
259 71
259 0
260 255
260 242
260 33
261 34
261 6
261 9
262 57
262 46
262 2
263 168
263 9
263 0
264 207
264 48
264 33
265 168
265 0
265 110
266 62
266 33
266 2
267 43
267 29
267 6
268 112
268 55
268 7
269 232
269 103
269 13
270 246
270 30
270 27
271 125
271 107
271 1
272 153
272 12
272 71
273 81
273 2
273 25
274 204
274 2
274 44
275 226
275 46
275 165
276 241
276 32
276 47
277 144
277 18
277 3
278 217
278 75
278 105
279 148
279 125
279 1
280 152
280 0
280 24
281 136
281 35
281 5
282 174
282 58
282 119
283 204
283 44
283 27
284 251
284 181
284 198
285 230
285 32
285 75
286 210
286 34
286 155
287 215
287 57
287 48
288 232
288 13
288 6
289 251
289 198
289 2
290 281
290 5
290 136
291 81
291 25
291 0
292 112
292 7
292 51
293 288
293 232
293 13
294 54
294 10
294 39
295 104
295 14
295 6
296 90
296 2
296 11
297 95
297 6
297 12
298 282
298 119
298 174
299 183
299 130
299 29
